
0 6 12 1 -4 0 2 10 0 0 0 true
0 6 13 3 -4 0 3 10 0 90 0 true
0 6 16 4 -4 0 6 7 270 270 270 true
0 7 12 1 -3 0 2 10 0 0 0 true
0 7 13 3 -3 0 3 10 0 -90 -90 true
0 7 17 8 -3 0 7 7 90 90 270 true
0 8 12 1 -2 0 2 10 0 0 0 true
0 8 13 3 -2 0 3 10 0 -90 270 true
0 8 16 4 -2 0 6 10 270 -90 270 true
0 8 17 8 -2 0 7 7 90 90 270 true
0 9 12 1 -1 0 2 10 0 0 0 true
0 9 13 3 -1 0 3 10 0 -90 270 true
0 9 17 8 -1 0 7 10 90 90 270 true
0 10 12 1 0 0 2 10 0 0 0 true
0 10 13 3 0 0 3 10 0 -90 270 true
0 10 16 5 0 0 6 10 90 90 270 true
0 10 17 8 0 0 7 10 90 90 270 true
0 11 12 1 1 0 2 10 0 0 0 true
0 11 13 3 1 0 3 10 0 -90 270 true
0 11 17 8 1 0 7 10 90 90 270 true
0 12 12 1 2 0 2 10 0 0 0 true
0 12 13 3 2 0 3 10 0 -90 270 true
0 12 16 6 2 0 6 10 90 90 270 true
0 12 17 8 2 0 7 10 90 90 270 true
0 13 13 4 3 0 3 10 90 90 270 true
1 6 12 1 -4 1 2 10 0 0 0 true
1 7 12 2 -3 1 2 10 0 0 0 true
1 8 12 2 -2 1 2 10 0 0 0 true
1 9 12 2 -1 1 2 10 0 0 0 true
1 10 12 2 0 1 2 10 0 0 0 true
1 11 12 2 1 1 2 10 0 0 0 true
1 12 12 1 2 1 2 10 0 0 0 true
1 12 16 7 2 1 6 10 90 90 270 true