
0 0 5 2 -10 0 -5 11 270 270 270 true
0 1 6 2 -9 0 -4 11 270 270 270 true
0 2 5 6 -8 0 -5 11 270 270 270 true
0 2 11 2 -8 0 1 11 270 270 270 true
0 2 14 1 -8 0 4 11 270 270 270 true
0 3 4 1 -7 0 -6 11 180 90 270 true
0 3 11 2 -7 0 1 11 270 270 270 true
0 3 18 2 -7 0 8 11 270 270 270 true
0 4 2 2 -6 0 -8 11 270 270 270 true
0 4 3 1 -6 0 -7 11 180 90 270 true
0 4 10 2 -6 0 0 11 270 270 270 true
0 4 18 2 -6 0 8 11 270 270 270 true
0 5 9 2 -5 0 -1 11 270 270 270 true
0 5 10 2 -5 0 0 11 270 270 270 true
0 5 15 8 -5 0 5 11 270 270 270 true
0 6 1 2 -4 0 -9 11 270 270 270 true
0 6 7 2 -4 0 -3 11 0 0 270 true
0 6 9 2 -4 0 -1 11 270 270 270 true
0 6 10 2 -4 0 0 11 270 270 270 true
0 6 11 2 -4 0 1 11 270 0 270 true
0 7 6 2 -3 0 -4 11 0 -90 270 true
0 7 9 2 -3 0 -1 11 270 270 270 true
0 7 10 2 -3 0 0 11 270 270 270 true
0 7 13 2 -3 0 3 11 180 -90 270 true
0 7 14 2 -3 0 4 11 180 90 270 true
0 8 9 2 -2 0 -1 11 270 270 270 true
0 9 1 1 -1 0 -9 11 180 90 270 true
0 9 5 2 -1 0 -5 11 360 270 270 true
0 9 14 2 -1 0 4 11 180 -90 270 true
0 9 15 2 -1 0 5 11 180 90 270 true
0 9 19 1 -1 0 9 11 180 90 270 true
0 10 19 2 0 0 9 11 180 180 270 true
0 11 1 1 1 0 -9 11 180 90 270 true
0 11 5 2 1 0 -5 11 0 270 270 true
0 11 9 2 1 0 -1 11 90 90 270 true
0 11 11 2 1 0 1 11 270 -90 270 true
0 11 13 2 1 0 3 11 90 90 270 true
0 11 14 2 1 0 4 11 90 90 270 true
0 11 19 2 1 0 9 11 180 0 270 true
0 12 10 2 2 0 0 11 270 270 270 true
0 12 18 2 2 0 8 11 360 90 270 true
0 13 1 2 3 0 -9 11 180 -90 270 true
0 13 13 2 3 0 3 11 180 90 270 true
0 14 5 8 4 0 -5 11 270 -90 270 true
0 14 19 2 4 0 9 11 270 270 270 true
0 15 2 2 5 0 -8 11 180 90 270 true
0 15 6 7 5 0 -4 11 270 90 270 true
0 15 16 8 5 0 6 11 270 270 270 true
0 15 18 2 5 0 8 11 270 -90 270 true
0 16 3 2 6 0 -7 11 180 180 270 true
0 16 8 7 6 0 -2 11 270 90 270 true
0 16 12 7 6 0 2 11 270 90 270 true
0 16 16 2 6 0 6 11 270 270 270 true
0 16 17 8 6 0 7 11 270 270 270 true
0 17 5 2 7 0 -5 11 270 180 270 true
0 17 10 7 7 0 0 11 270 90 270 true
0 17 15 2 7 0 5 11 180 0 270 true
0 18 7 2 8 0 -3 11 180 0 270 true
0 18 13 2 8 0 3 11 180 0 270 true
0 19 9 1 9 0 -1 11 180 90 270 true
0 19 11 1 9 0 1 11 180 90 270 true
1 2 5 6 -8 1 -5 11 270 270 270 true
1 2 14 5 -8 1 4 11 270 270 270 true
1 3 4 1 -7 1 -6 11 270 270 270 true
1 4 3 2 -6 1 -7 11 270 270 270 true
1 6 7 2 -4 1 -3 11 0 0 270 true
1 6 11 2 -4 1 1 11 270 0 270 true
1 7 6 2 -3 1 -4 11 0 270 270 true
1 7 13 2 -3 1 3 11 360 90 270 true
1 7 14 2 -3 1 4 11 180 90 270 true
1 9 1 1 -1 1 -9 11 180 270 270 true
1 9 5 2 -1 1 -5 11 0 270 270 true
1 9 14 2 -1 1 4 11 180 270 270 true
1 9 15 2 -1 1 5 11 180 90 270 true
1 9 19 1 -1 1 9 11 180 90 270 true
1 10 19 2 0 1 9 11 180 180 270 true
1 11 1 1 1 1 -9 11 180 270 270 true
1 11 5 2 1 1 -5 11 0 270 270 true
1 11 19 2 1 1 9 11 180 0 270 true
1 12 18 2 2 1 8 11 0 90 270 true
1 13 1 2 3 1 -9 11 180 270 270 true
1 13 13 2 3 1 3 11 180 90 270 true
1 15 2 2 5 1 -8 11 180 90 270 true
1 16 3 2 6 1 -7 11 180 180 270 true
1 17 5 2 7 1 -5 11 270 180 270 true
1 17 15 2 7 1 5 11 180 0 270 true
1 18 7 2 8 1 -3 11 180 0 270 true
1 18 13 2 8 1 3 11 180 0 270 true
1 19 9 1 9 1 -1 11 270 270 270 true
1 19 11 1 9 1 1 11 270 270 270 true
2 6 7 2 -4 2 -3 11 0 0 270 true
2 7 6 2 -3 2 -4 11 0 270 270 true
2 7 13 2 -3 2 3 11 0 90 270 true
2 7 14 2 -3 2 4 11 0 -90 270 true
2 9 1 1 -1 2 -9 11 180 270 270 true
2 9 5 2 -1 2 -5 11 0 270 270 true
2 9 14 2 -1 2 4 11 180 270 270 true
2 9 15 2 -1 2 5 11 180 90 270 true
2 9 19 1 -1 2 9 11 180 90 270 true
2 10 19 2 0 2 9 11 180 180 270 true
2 11 1 1 1 2 -9 11 180 270 270 true
2 11 5 2 1 2 -5 11 0 270 270 true
2 11 19 2 1 2 9 11 180 0 270 true
2 12 18 2 2 2 8 11 0 90 270 true
2 13 1 2 3 2 -9 11 180 270 270 true
2 13 13 2 3 2 3 11 180 90 270 true
2 15 2 2 5 2 -8 11 180 90 270 true
2 16 3 2 6 2 -7 11 180 180 270 true
2 17 5 2 7 2 -5 11 270 180 270 true
2 18 7 2 8 2 -3 11 180 0 270 true
2 18 13 2 8 2 3 11 180 0 270 true
2 19 9 1 9 2 -1 11 270 270 270 true
2 19 11 1 9 2 1 11 270 270 270 true
3 6 6 2 -4 3 -4 11 270 270 270 true
3 6 7 2 -4 3 -3 11 270 270 270 true
3 7 6 2 -3 3 -4 11 270 270 270 true
3 7 13 2 -3 3 3 11 270 270 270 true
3 8 13 2 -2 3 3 11 270 270 270 true
3 8 14 2 -2 3 4 11 270 270 270 true
3 9 1 2 -1 3 -9 11 270 270 270 true
3 9 5 2 -1 3 -5 11 270 270 270 true
3 9 14 2 -1 3 4 11 270 270 270 true
3 9 19 2 -1 3 9 11 270 270 270 true
3 10 1 2 0 3 -9 11 270 270 270 true
3 10 5 2 0 3 -5 11 270 270 270 true
3 10 19 2 0 3 9 11 270 270 270 true
3 11 1 2 1 3 -9 11 270 270 270 true
3 11 5 2 1 3 -5 11 270 270 270 true
3 11 19 2 1 3 9 11 270 270 270 true
3 13 1 2 3 3 -9 11 270 270 270 true
3 14 1 2 4 3 -9 11 270 270 270 true
3 14 2 2 4 3 -8 11 270 270 270 true
3 15 2 2 5 3 -8 11 270 270 270 true
3 17 5 2 7 3 -5 11 270 270 270 true
3 17 6 2 7 3 -4 11 270 270 270 true
3 18 6 2 8 3 -4 11 270 270 270 true
3 18 7 2 8 3 -3 11 270 270 270 true
3 18 8 2 8 3 -2 11 270 270 270 true
3 18 12 2 8 3 2 11 270 270 270 true
3 18 13 2 8 3 3 11 270 270 270 true
3 19 8 2 9 3 -2 11 270 270 270 true
3 19 9 2 9 3 -1 11 270 270 270 true
3 19 10 2 9 3 0 11 270 270 270 true
3 19 11 2 9 3 1 11 270 270 270 true
3 19 12 2 9 3 2 11 270 270 270 true